x = 4,8,10,14,16,18,20,22
y = 0.0025119781,0.0076470375,0.0192630291,0.0325670242,0.0494201183,0.0757558346,0.1528410912,0.2731721401
