x = 4,8,10,14,16,18,20,22
y = 0.0028100014,0.0139479637,0.0121150017,0.1542930603,0.2375512123,0.2934689522,0.3620610237,0.7441110611
