x = 4,8,10,14,16,18,20,22
y = 0.0043950081,0.126185894,0.2726659775,1.1442439556,2.2035551071,4.1379230022,6.6245009899,10.2998259068
