x = 4,8,10,14,16,18,20,22
y = 0.0038659573,0.0620901585,0.122492075,0.3494031429,0.7578091621,1.0525159836,1.470913887,2.2885510922
